H
 -0.50000000000000000E+01  -0.12409902530309833E+01   0.37500000000000000E+00  -0.25900974696901718E+00   0.50000000000000000E+00
  0.67565024887242418E+01   0.00000000000000000E+00  -0.13365845776954532E+01   0.76376261582597349E+00  -0.14101641779424268E+01
 -0.26666666666666665E+01   0.17457431218879387E+01   0.00000000000000000E+00  -0.17457431218879396E+01   0.26666666666666665E+01
  0.14101641779424268E+01  -0.76376261582597327E+00   0.13365845776954532E+01   0.00000000000000000E+00  -0.67565024887242382E+01
 -0.50000000000000000E+00   0.25900974696901713E+00  -0.37500000000000000E+00   0.12409902530309824E+01   0.50000000000000000E+01
Ht
 -0.50000000000000000E+01   0.67565024887242418E+01  -0.26666666666666665E+01   0.14101641779424268E+01  -0.50000000000000000E+00
 -0.12409902530309833E+01   0.00000000000000000E+00   0.17457431218879387E+01  -0.76376261582597327E+00   0.25900974696901713E+00
  0.37500000000000000E+00  -0.13365845776954532E+01   0.00000000000000000E+00   0.13365845776954532E+01  -0.37500000000000000E+00
 -0.25900974696901718E+00   0.76376261582597349E+00  -0.17457431218879396E+01   0.00000000000000000E+00   0.12409902530309824E+01
  0.50000000000000000E+00  -0.14101641779424268E+01   0.26666666666666665E+01  -0.67565024887242382E+01   0.50000000000000000E+01
